server/public/parseData/2022032500.json
{"header": {"discipline":0,"disciplineName":"Meteorological products","gribEdition":2,"gribLength":77977,"center":7,"centerName":"US National Weather Service - NCEP(WMC)","subcenter":0,"refTime":"2022-03-25T00:00:00.000Z","significanceOfRT":1,"significanceOfRTName":"Start of forecast","productStatus":0,"productStatusName":"Operational products","productType":1,"productTypeName":"Forecast products","productDefinitionTemplate":0,"productDefinitionTemplateName":"Analysis/forecast at horizontal level/layer at a point in time","parameterCategory":2,"parameterCategoryName":"Momentum","parameterNumber":3,"parameterNumberName":"V-component_of_wind","parameterUnit":"m.s-1","genProcessType":2,"genProcessTypeName":"Forecast","forecastTime":0,"surface1Type":103,"surface1TypeName":"Specified height level above ground","surface1Value":10.0,"surface2Type":255,"surface2TypeName":"Missing","surface2Value":0.0,"gridDefinitionTemplate":0,"gridDefinitionTemplateName":"Latitude_Longitude","numberPoints":51865,"shape":6,"shapeName":"Earth spherical with radius of 6,371,229.0 m","gridUnits":"degrees","resolution":48,"winds":"true","scanMode":64,"nx":253,"ny":205,"basicAngle":0,"lo1":73.0,"la1":3.0,"lo2":136.0,"la2":54.0,"dx":0.25,"dy":0.25}, "data":
[rows 156 to 181 of 205, columns 174 to 231 of 253]
-1.7079638,-1.6979638,-2.3379638,-2.727964,-1.8379638,-0.86796385,-0.23796387,0.32203615,0.40203613,0.70203614,-0.53796387,-1.8179638,-1.5779638,-2.517964,-3.737964,-5.377964,-5.2579637,-6.297964,-5.367964,-4.5079637,-4.137964,-2.007964,-2.0479639,0.75203615,2.312036,2.8820362,3.1320362,3.052036,2.772036,2.282036,2.7020361,2.252036,2.542036,2.802036,3.542036,3.1820362,2.7220361,2.512036,3.582036,3.312036,3.4120362,2.812036,2.4620361,2.3620362,3.4320362,4.202036,5.422036,4.0720363,2.6820362,2.542036,3.1520362,1.7120361,0.20203613,-0.35796386,-1.4679638,-2.217964,1.6120361,6.872036
0.08203613,0.062036134,-0.54796386,-1.5179639,-2.447964,-0.9479639,-0.80796385,-0.5879639,-0.7679639,-0.43796387,-1.2379639,-1.0579638,-1.3579639,-4.037964,-4.797964,-4.5279636,-4.087964,-4.187964,-3.757964,-4.0079637,-3.697964,-3.6579638,-3.927964,-3.247964,-1.5279639,1.0620362,2.6520362,3.2120361,3.4520361,3.532036,3.502036,3.1320362,3.2220361,3.4320362,4.5520363,5.902036,6.442036,4.702036,4.652036,5.272036,4.862036,5.612036,4.192036,3.792036,4.162036,4.8020363,5.642036,3.4020362,0.82203615,0.7220361,2.4720361,2.822036,1.0520362,-0.17796387,0.42203614,-0.61796385,0.10203613,4.462036
-0.21796387,-0.34796387,-0.85796386,-0.72796386,-0.15796387,-0.017963868,-0.14796387,-0.46796387,-0.5079639,-0.56796384,-1.0579638,-1.9879639,-3.8579638,-3.937964,-3.5979638,-3.5479639,-3.257964,-3.927964,-3.8979638,-3.3079638,-2.5479639,-2.3879638,-2.5879638,-2.997964,-2.917964,-1.5079639,0.41203612,1.8920361,2.802036,3.1720362,3.1120362,2.9720361,3.032036,3.062036,3.2120361,4.252036,4.952036,6.0320363,5.5720363,6.122036,5.872036,3.512036,3.752036,4.132036,4.2420363,4.522036,4.542036,3.772036,2.3720362,2.282036,2.582036,0.64203614,0.20203613,0.14203614,0.24203613,0.18203613,-0.22796386,-0.62796384
-1.9579638,-1.7879639,-1.7379639,-1.1979638,0.62203616,0.45203614,-1.1879638,-1.2379639,-0.12796387,-0.22796386,-1.3279638,-2.0879638,-2.1179638,-2.3579638,-3.017964,-3.5479639,-3.6579638,-3.2779639,-3.0879638,-3.017964,-2.8679638,-2.6079638,-2.5479639,-2.427964,-2.2779639,-2.0679638,-1.3879639,-0.31796387,0.93203616,2.0920362,2.8820362,3.1020362,3.012036,3.2220361,3.2020361,3.3920362,4.0720363,4.9920363,5.5920362,5.8420362,5.682036,4.8020363,4.062036,4.202036,4.3020363,3.3820362,3.282036,4.0920362,4.212036,3.272036,2.0920362,0.39203614,-0.07796387,0.43203613,0.20203613,-0.79796386,-0.6979639,-0.92796385
-1.8679639,-2.267964,-2.237964,-1.5879638,-0.68796384,-0.9079639,-0.49796388,-1.0879638,-1.8579639,-1.8579639,-0.72796386,-1.0379639,-1.9579638,-2.7779639,-2.707964,-1.7379639,-1.6379639,-2.0979638,-2.507964,-2.8079638,-2.947964,-2.937964,-2.677964,-2.1479638,-1.6779639,-1.4779639,-1.4079639,-1.0979638,-0.13796386,1.2620361,2.272036,2.812036,3.082036,3.3620362,3.4220362,3.3820362,3.6420362,4.212036,4.8020363,5.8420362,6.062036,5.922036,4.5920362,3.4020362,4.0520363,4.0320363,4.172036,4.272036,4.3420362,3.492036,2.072036,1.5820361,1.3320361,0.7220361,0.40203613,0.062036134,0.092036135,0.062036134
-2.0679638,-2.3479638,-3.0379639,-3.3079638,-1.3179638,-0.5179639,-0.49796388,-0.8279639,-2.0779638,-2.4079638,-2.5979638,-2.2779639,-2.1379638,-2.1479638,-1.1979638,-0.67796385,-1.0579638,-1.6379639,-2.5779638,-2.7979639,-2.917964,-2.927964,-2.5379639,-2.0879638,-1.6479639,-1.4579638,-1.3579639,-1.2279639,-0.73796386,0.32203615,1.5720361,2.4620361,2.9420362,2.982036,3.2120361,3.582036,3.8620362,4.062036,4.632036,4.0320363,4.542036,5.902036,5.5320363,4.422036,3.3920362,3.2220361,4.2220364,4.832036,3.782036,2.6820362,2.7120361,2.6720362,3.4420362,2.542036,2.082036,2.2120361,2.482036,1.8120362
-1.8179638,-2.267964,-1.7479639,-1.3079638,-1.7979639,-1.2579639,-0.35796386,-1.8379638,-4.127964,-3.917964,-4.787964,-4.1979637,-2.3079638,-1.1579639,-0.9079639,-1.0679638,-1.1379639,-2.0579638,-2.2779639,-1.9679638,-1.9379638,-2.0579638,-1.5679638,-1.0879638,-0.84796387,-0.79796386,-0.7179639,-0.5779639,-0.47796386,-0.087963864,0.70203614,1.5620362,2.332036,3.042036,3.4720361,3.782036,4.022036,4.272036,4.622036,4.772036,4.5320363,3.532036,4.202036,5.712036,4.8220363,3.2120361,3.032036,3.8820362,4.462036,3.4720361,3.3920362,2.9620361,0.8020361,1.9120362,3.282036,4.142036,4.5920362,4.582036
-1.2479639,-1.4979639,0.022036133,-0.13796386,-1.3579639,-1.3679639,-3.0979638,-4.097964,-3.437964,-3.197964,-2.0879638,-1.3179638,-1.7979639,-2.187964,-3.0279639,-2.207964,-1.3879639,-1.4679638,-1.9879639,-2.3679638,-2.0879638,-1.6479639,-1.2379639,-0.86796385,-0.72796386,-0.5779639,-0.19796386,0.18203613,0.5320361,0.57203615,0.49203613,0.57203615,0.95203614,1.7820362,2.7220361,3.3620362,4.0920362,4.582036,5.192036,5.112036,5.002036,3.6320362,3.1520362,4.792036,5.0720363,3.3520362,2.9720361,3.3420362,3.482036,4.952036,4.0920362,3.1220362,3.282036,2.252036,2.4120362,4.172036,4.412036,4.312036
-0.9579639,-0.8979639,-0.20796387,-0.44796386,-1.7879639,-2.0979638,-3.687964,-2.9079638,-3.2879639,-3.8279638,-0.037963867,0.14203614,-3.207964,-3.767964,-2.6279638,-2.8479638,-3.497964,-2.927964,-1.9779639,-1.8779639,-2.2879639,-2.1479638,-1.5979638,-0.85796386,-0.35796386,0.062036134,0.40203613,0.81203616,1.2120361,1.5620362,1.5320362,1.3720361,1.4520361,1.6420361,1.9020362,2.4320362,3.1220362,3.742036,4.682036,5.392036,5.712036,5.852036,4.382036,3.822036,3.6920362,3.242036,2.572036,3.3720362,4.232036,4.5720363,4.942036,5.152036,4.172036,3.072036,2.732036,3.1420362,3.6420362,3.522036
-1.4179639,-1.7679639,-2.3379638,-2.5979638,-2.8279638,-3.747964,-3.497964,-3.6479638,-2.417964,-1.2779639,-1.1779639,-3.2779639,-2.5579638,-1.5779638,-2.947964,-3.3979638,-3.247964,-3.417964,-2.3579638,-1.4079639,-0.85796386,-0.5079639,-0.26796386,-0.20796387,-0.14796387,0.032036133,0.41203612,0.94203615,1.5020361,2.1220362,2.4520361,2.6020362,2.492036,2.3720362,2.512036,2.742036,2.9420362,3.332036,3.812036,4.582036,5.402036,5.652036,5.272036,4.652036,4.5720363,4.482036,3.782036,2.8820362,2.8520362,4.102036,6.232036,6.292036,5.412036,4.272036,4.272036,4.102036,3.552036,3.492036
-1.8779639,-2.0679638,-2.3879638,-2.7879639,-3.3379638,-3.917964,-3.6379638,-3.1579638,-3.6479638,-3.8679638,-4.417964,-3.6179638,-4.1579638,-4.977964,-4.1579638,-4.817964,-4.567964,-3.3979638,-2.207964,-1.4279639,-1.7379639,-2.017964,-1.8379638,-1.5779638,-0.9479639,-0.117963865,0.39203614,0.75203615,1.2620361,1.7720361,2.3620362,2.9020362,3.252036,3.312036,3.3520362,3.492036,3.542036,3.6820362,4.042036,4.3220363,4.702036,5.3020363,5.942036,5.5720363,4.7620363,4.772036,4.652036,4.0320363,3.6120362,3.322036,4.022036,5.0720363,7.692036,7.8020363,5.942036,5.432036,4.582036,3.802036
-1.4379638,-1.3479638,-1.5679638,-2.007964,-2.3879638,-2.8079638,-2.6579638,-2.8579638,-3.0979638,-4.247964,-4.807964,-7.127964,-5.867964,-5.477964,-5.567964,-5.617964,-4.207964,-3.1479638,-2.8579638,-3.3479638,-3.757964,-3.5579638,-3.3779638,-2.3879638,-1.1379639,-0.18796387,0.35203612,0.7220361,1.1120361,1.4920361,1.8020362,2.252036,2.752036,2.982036,3.1920362,3.4620361,3.7220361,3.8820362,3.8620362,3.9520361,4.232036,4.502036,4.8420362,5.292036,4.902036,4.442036,4.5120363,4.372036,3.492036,2.1820362,2.4220362,2.8520362,4.432036,7.132036,6.902036,6.162036,6.0120363,5.812036
-0.84796387,-0.7579639,-0.97796386,-1.4179639,-1.6479639,-2.1579638,-2.497964,-2.8979638,-3.467964,-4.0279636,-4.7179637,-6.4879637,-7.857964,-7.297964,-5.9479637,-6.7179637,-5.337964,-4.627964,-4.707964,-4.7179637,-4.577964,-4.417964,-3.5479639,-2.8079638,-1.8379638,-0.79796386,-0.027963867,0.68203616,1.2520361,1.5920361,1.7820362,2.022036,2.4620361,2.772036,2.812036,2.822036,2.9420362,3.302036,3.732036,3.8820362,3.802036,3.9020362,4.062036,4.392036,4.5520363,4.772036,4.8220363,4.5120363,4.272036,4.022036,2.8720362,3.1320362,2.3820362,4.2420363,6.152036,6.142036,6.212036,5.422036
-0.28796387,-0.04796387,-0.79796386,-0.93796384,-1.0279639,-2.1079638,-2.687964,-2.8679638,-3.207964,-3.6179638,-4.067964,-4.627964,-5.557964,-5.4679637,-7.1979637,-7.087964,-6.067964,-6.377964,-6.877964,-6.2379637,-4.807964,-4.387964,-4.1579638,-3.6279638,-2.967964,-2.247964,-1.3979639,-0.16796386,1.0720361,1.7720361,1.9820361,2.1020362,2.1720362,2.2020361,2.4120362,2.542036,2.572036,2.6120362,2.792036,3.242036,3.6820362,3.8820362,3.9620361,3.3720362,3.522036,3.7020361,5.102036,5.2820363,4.292036,4.872036,3.762036,3.502036,3.822036,2.782036,3.9720361,5.622036,5.152036,4.372036
0.022036133,-0.20796387,-0.7179639,-1.5979638,-1.9579638,-2.1179638,-2.4079638,-2.7879639,-3.3479638,-3.727964,-3.7779639,-3.7879639,-4.2179637,-4.397964,-5.9679637,-6.7779636,-6.337964,-6.4479637,-6.6579638,-7.087964,-6.9679637,-6.067964,-5.537964,-4.9879637,-4.357964,-3.5979638,-2.2879639,-0.67796385,0.7920361,1.6820362,1.8720361,1.6920362,1.6020361,1.7120361,1.8520361,2.022036,2.3520362,2.732036,3.022036,3.3520362,3.752036,4.2220364,4.542036,4.102036,4.202036,3.7120361,4.042036,5.172036,5.882036,6.0720363,4.5720363,3.582036,3.8920362,3.272036,3.0920362,3.272036,3.572036,3.6820362
-0.16796386,-0.8279639,-1.7279639,-2.5779638,-3.3879638,-3.767964,-3.8879638,-4.057964,-4.167964,-4.127964,-3.727964,-3.3779638,-3.417964,-4.327964,-6.117964,-6.397964,-7.067964,-8.307964,-8.217964,-8.377964,-8.317964,-7.9079638,-7.2379637,-6.517964,-5.6579638,-5.767964,-5.387964,-3.3579638,-0.9679639,0.63203615,1.3720361,1.5720361,1.4120362,1.1720362,1.2420361,1.4620361,1.9820361,2.582036,2.8720362,2.9320362,2.772036,3.1720362,4.152036,4.5520363,4.462036,4.3220363,4.0720363,3.4220362,5.022036,5.182036,5.082036,4.922036,3.772036,4.562036,5.172036,4.662036,4.602036,5.682036
0.8620361,0.08203613,-1.1279639,-1.8879639,-2.2979639,-2.757964,-3.167964,-3.5579638,-3.8279638,-3.487964,-3.3079638,-3.237964,-3.0779638,-2.8879638,-4.297964,-6.1579638,-6.877964,-6.637964,-6.877964,-7.827964,-7.4279637,-7.9479637,-6.977964,-6.147964,-7.097964,-7.347964,-6.687964,-5.227964,-2.8579638,-0.8279639,0.42203614,0.96203613,0.89203614,0.82203615,0.94203615,1.3720361,1.7820362,2.0920362,2.4220362,2.6620362,2.542036,2.282036,2.282036,2.6920362,3.1120362,3.302036,3.022036,1.9020362,0.052036133,-0.30796388,2.022036,3.6020362,3.1420362,3.492036,5.852036,6.2620363,4.852036,5.5720363
1.0620362,1.0520362,0.14203614,-0.47796386,-0.84796387,-0.9079639,-1.1679639,-1.4079639,-1.7279639,-2.167964,-2.1579638,-2.3679638,-2.5779638,-3.3979638,-3.8979638,-3.6579638,-5.207964,-5.747964,-5.327964,-5.1779637,-5.347964,-5.837964,-5.797964,-6.867964,-6.9479637,-6.357964,-5.327964,-4.067964,-3.1379638,-2.2779639,-1.3279638,-0.85796386,-0.80796385,-0.5779639,0.13203613,1.1920362,2.072036,2.4320362,2.532036,3.062036,3.262036,2.8820362,2.4720361,2.562036,2.9520361,3.012036,2.4120362,2.492036,1.8020362,1.2620361,0.35203612,-0.36796388,-0.6479639,0.45203614,3.1920362,5.872036,5.7620363,6.372036
0.19203614,-0.087963864,-0.5279639,-1.1179639,-1.5079639,-1.9479638,-2.1279638,-2.237964,-2.5679638,-2.6279638,-2.727964,-2.217964,-2.667964,-4.1779637,-4.687964,-4.607964,-5.567964,-5.887964,-6.227964,-6.0279636,-5.2579637,-5.047964,-5.547964,-5.9679637,-5.9279637,-5.4479637,-4.397964,-3.0779638,-2.5379639,-2.227964,-1.6779639,-1.2679639,-0.9579639,-0.86796385,-0.55796385,0.37203613,1.4320362,2.2220361,2.552036,2.6020362,2.6420362,2.8820362,3.1620362,3.4620361,3.4520361,3.272036,3.3720362,2.272036,2.2020361,2.4020362,1.3420361,0.8420361,0.12203613,0.052036133,2.1820362,4.3220363,6.182036,5.432036
0.7820361,0.5320361,-0.04796387,-0.80796385,-1.1279639,-1.4479638,-1.8179638,-2.3579638,-2.917964,-2.937964,-2.017964,-1.2179638,-1.6879638,-2.947964,-4.647964,-4.397964,-3.747964,-3.7779639,-3.517964,-4.337964,-5.057964,-4.6979637,-4.337964,-4.607964,-4.637964,-5.247964,-5.2379637,-4.437964,-3.3979638,-2.7779639,-2.0479639,-1.4279639,-0.80796385,-0.20796387,0.24203613,0.69203615,1.0420362,1.2520361,1.4320362,1.5320362,1.8920361,2.502036,3.2220361,3.752036,4.082036,4.202036,5.002036,4.192036,2.742036,2.3720362,2.232036,2.232036,1.2920362,0.29203615,0.8020361,4.332036,5.8020363,5.112036
0.32203615,-0.46796387,-0.6979639,-0.54796386,-0.37796387,-0.39796388,-0.41796386,-0.56796384,-1.4479638,-2.1379638,-1.4379638,-0.53796387,-1.0079639,-2.217964,-4.187964,-4.387964,-3.8679638,-2.7979639,-3.217964,-4.347964,-4.4679637,-3.3779638,-2.8179638,-2.747964,-4.1779637,-4.7379637,-4.297964,-3.977964,-3.8279638,-3.3679638,-2.3579638,-1.6379639,-1.0179639,-0.36796388,0.19203614,0.69203615,1.0020361,1.1620362,1.2520361,1.5420362,2.032036,2.482036,3.1520362,3.8820362,4.522036,5.212036,6.482036,5.352036,2.1620362,1.2820362,1.4520361,1.3420361,0.81203616,0.11203613,-0.48796386,2.9520361,3.7120361,2.4020362
-1.0579638,-1.0979638,-1.2179638,-1.2779639,-1.1179639,-0.79796386,-0.39796388,-0.25796387,-0.72796386,-0.91796386,-0.97796386,-0.84796387,-0.67796385,-0.6479639,-1.7879639,-2.3379638,-2.517964,-2.5479639,-2.677964,-3.727964,-2.687964,-1.4479638,-0.8879639,-1.4679638,-3.1079638,-2.947964,-2.8079638,-2.927964,-3.257964,-3.3479638,-3.227964,-2.747964,-2.267964,-1.6779639,-1.0779638,-0.44796386,-0.04796387,0.12203613,0.15203613,0.51203614,1.0620362,1.6320361,2.4420362,3.302036,4.692036,4.912036,5.4720364,3.802036,1.8820361,1.5620362,0.9220361,1.1220361,0.63203615,-0.037963867,-0.06796387,1.1820362,1.7120361,2.282036
-0.59796387,-0.60796386,-0.68796384,-0.46796387,-0.25796387,-0.47796386,-0.87796384,-1.3179638,-1.5979638,-1.3579639,-1.3179638,-1.0679638,-0.6579639,-0.59796387,-0.5079639,-1.0779638,-1.9279639,-2.517964,-3.417964,-1.8279638,-0.39796388,-0.54796386,-0.80796385,-1.1779639,-3.0779638,-4.097964,-3.2779639,-3.717964,-3.8079638,-3.947964,-3.717964,-3.3779638,-2.8079638,-2.457964,-2.257964,-1.9579638,-1.5279639,-1.1879638,-1.1379639,-1.2179638,-0.49796388,0.64203614,1.8020362,3.3620362,5.612036,6.862036,5.5120363,3.792036,2.6220362,2.9220362,2.272036,1.1520362,0.39203614,-0.34796387,0.17203613,1.1020361,1.8920361,2.1520362
0.13203613,-0.15796387,-0.7179639,-1.0679638,-0.67796385,0.6720361,0.7920361,0.23203613,-0.73796386,-1.0679638,-0.7679639,-0.8379639,-0.56796384,0.092036135,-0.30796388,-1.9179639,-2.017964,-2.0979638,-1.8579639,-0.78796387,-0.67796385,-0.5179639,-1.0279639,-1.3879639,-3.6279638,-5.267964,-4.957964,-5.017964,-4.977964,-4.887964,-4.837964,-4.577964,-4.297964,-3.947964,-3.8179638,-3.427964,-3.207964,-3.2979639,-3.3579638,-3.427964,-3.0679638,-2.247964,-0.5879639,2.6520362,4.452036,3.4120362,2.6020362,1.5020361,1.0820361,1.2920362,2.1820362,3.2120361,2.242036,0.68203616,0.51203614,1.3820361,0.81203616,0.46203613
-0.21796387,-0.23796387,-0.7079639,-0.79796386,-1.1279639,-0.87796384,-0.25796387,0.39203614,-0.15796387,-0.21796387,-0.34796387,-0.5279639,-0.28796387,-0.19796386,0.0020361328,-0.13796386,-0.6479639,-0.80796385,-0.9079639,-0.19796386,-0.45796385,-0.91796386,-1.3479638,-1.2479639,-2.207964,-4.057964,-4.7179637,-4.6979637,-4.787964,-4.9879637,-5.247964,-5.5079637,-5.577964,-5.107964,-4.267964,-3.6579638,-3.6179638,-3.5779638,-3.447964,-3.467964,-3.5279639,-3.217964,-2.3179638,-0.93796384,-0.007963867,0.87203616,1.0420362,1.1920362,1.7520361,2.1820362,1.7320361,2.6920362,2.8520362,2.252036,3.0920362,2.6020362,2.272036,2.1920362
-1.5679638,-1.0879638,-0.7579639,-1.2979639,-1.6779639,-1.8579639,-1.6679639,0.5520361,0.9920361,0.62203616,-0.30796388,-1.1779639,-0.67796385,-0.26796386,-0.24796386,-0.15796387,-0.17796387,-0.28796387,-0.39796388,-0.26796386,-0.16796386,-0.48796386,-0.81796384,-1.2179638,-1.9079639,-3.3479638,-4.617964,-4.417964,-4.6779637,-5.0079637,-5.137964,-5.4879637,-5.557964,-5.387964,-5.047964,-4.497964,-4.067964,-3.8679638,-3.8279638,-3.477964,-3.017964,-2.497964,-1.9879639,-1.3779639,-0.9079639,-0.18796387,0.57203615,0.8520361,1.0120361,1.0320362,0.7420361,0.27203614,0.63203615,1.7720361,2.1720362,2.4520361,2.542036,1.9920361
