server/public/parseData/2022032500.json
{"header": {"discipline":0,"disciplineName":"Meteorological products","gribEdition":2,"gribLength":77977,"center":7,"centerName":"US National Weather Service - NCEP(WMC)","subcenter":0,"refTime":"2022-03-25T00:00:00.000Z","significanceOfRT":1,"significanceOfRTName":"Start of forecast","productStatus":0,"productStatusName":"Operational products","productType":1,"productTypeName":"Forecast products","productDefinitionTemplate":0,"productDefinitionTemplateName":"Analysis/forecast at horizontal level/layer at a point in time","parameterCategory":2,"parameterCategoryName":"Momentum","parameterNumber":2,"parameterNumberName":"U-component_of_wind","parameterUnit":"m.s-1","genProcessType":2,"genProcessTypeName":"Forecast","forecastTime":0,"surface1Type":103,"surface1TypeName":"Specified height level above ground","surface1Value":10.0,"surface2Type":255,"surface2TypeName":"Missing","surface2Value":0.0,"gridDefinitionTemplate":0,"gridDefinitionTemplateName":"Latitude_Longitude","numberPoints":51865,"shape":6,"shapeName":"Earth spherical with radius of 6,371,229.0 m","gridUnits":"degrees","resolution":48,"winds":"true","scanMode":64,"nx":253,"ny":205,"basicAngle":0,"lo1":73.0,"la1":3.0,"lo2":136.0,"la2":54.0,"dx":0.25,"dy":0.25}, "data":
[rows 78 to 103 of 205, columns 0 to 57 of 253]
2.9049048,1.9649048,0.7749048,0.9649048,1.2949048,1.9049048,2.094905,1.9749048,0.3349048,-1.1350952,-1.6950952,-0.6050952,0.6049048,0.3249048,-0.4750952,-1.6550952,-2.1650953,-2.5150952,-2.0550952,-0.8950952,-0.075095214,-1.0050952,-0.6550952,-0.8050952,-0.51509523,1.2549047,2.0049047,1.9549048,1.1649048,-0.33509523,-0.7150952,0.4549048,0.5349048,1.0249047,0.73490477,0.4249048,0.034904785,0.14490479,0.8549048,-0.20509522,0.5949048,-0.005095215,-1.0850952,-0.6850952,-0.15509522,0.9349048,0.8149048,0.15490478,0.6049048,0.5649048,1.6549048,2.0049047,2.2549047,1.5549048,0.8549048,0.104904786,0.4249048,0.3049048
2.2749047,2.7649047,2.8349047,2.5049047,1.5549048,2.2249048,2.1349049,1.1849048,0.7749048,-1.1350952,-2.3050952,-1.7850952,-0.50509524,0.67490476,1.8549048,0.4649048,-1.7450953,-0.34509522,-1.3750952,-1.1250952,-0.8150952,-0.19509521,-0.34509522,-0.4150952,-0.035095215,0.74490476,1.3049048,1.4149048,0.55490476,-0.69509524,-0.88509524,-0.8750952,-0.105095215,0.67490476,0.8249048,1.3149048,0.7749048,1.0849048,1.0249047,-0.6650952,-0.6750952,0.4949048,1.2749047,-0.16509521,-0.5850952,-0.19509521,0.5249048,1.7149048,1.2849048,1.1849048,2.1249049,1.8849047,1.3549048,2.1549048,2.3149047,0.8449048,0.6249048,0.4549048
2.9249048,4.0849047,3.2349048,2.4449048,1.8149048,2.2949047,1.7749047,1.6849048,1.1549048,-1.8550953,-2.3650951,-1.6250952,-0.7950952,0.55490476,1.1349047,0.5049048,-0.2950952,-0.50509524,-0.5650952,-0.39509523,-0.4750952,-0.6050952,-0.4250952,0.054904785,0.55490476,-0.065095216,1.1649048,1.3149048,-0.50509524,-1.1050953,-0.8350952,-1.1650952,-0.37509522,0.8949048,1.4149048,1.5049047,1.0449048,1.3249048,1.6149048,-0.2650952,-1.4450952,-0.39509523,0.8149048,0.8349048,0.86490476,1.3549048,1.4349048,0.6349048,1.0149047,1.8349048,2.2049048,1.1949048,-0.09509522,1.9549048,3.5349047,1.8449048,0.9049048,0.55490476
3.5849047,3.8849049,3.2149048,2.844905,2.354905,1.1349047,1.6149048,2.5749047,1.4949048,-1.8650953,-2.3650951,-1.5550952,-0.94509524,-0.105095215,0.3049048,-0.50509524,-0.33509523,-0.4850952,-0.8750952,-0.94509524,-0.82509524,-0.30509523,0.35490477,1.1049048,0.98490477,-0.75509524,-0.9650952,0.5849048,0.6449048,-0.9350952,-0.88509524,-0.7350952,0.41490477,1.3349048,1.1049048,0.6949048,0.5049048,0.5149048,1.6149048,0.044904783,-1.5550952,-1.0650952,-0.88509524,0.4949048,1.3349048,1.9549048,2.0449047,0.21490479,0.9149048,2.1949048,2.4549048,0.6549048,0.5349048,2.4149048,2.7649047,1.7749047,1.1249048,0.7149048
2.9149048,3.0749047,3.3049047,3.6149049,2.5549047,1.5349048,1.4849048,1.8449048,4.424905,0.74490476,-2.405095,-0.8550952,-0.7950952,-1.0450952,-1.0150952,-0.9250952,-0.7950952,-0.82509524,-0.2550952,-0.24509521,-0.31509522,-0.2850952,-0.09509522,0.6849048,0.014904785,-0.7850952,-1.1250952,1.1649048,1.8249048,-1.2650952,-0.9050952,0.8949048,0.9549048,0.5249048,-0.005095215,-0.23509522,-0.065095216,0.7549048,1.8749048,0.74490476,-0.8150952,-0.4250952,-0.11509521,0.17490478,1.0449048,0.9749048,1.1849048,1.5549048,0.98490477,1.9549048,2.0249047,1.0049047,1.9549048,2.7249048,2.0749047,1.1149048,0.6449048,0.5849048
1.9149048,1.3949047,2.3249047,3.0849047,2.1349049,1.6949048,1.1049048,1.7549047,4.654905,5.614905,-0.15509522,-1.1750952,-1.1950952,-1.8350952,-1.5050952,-0.30509523,0.6249048,0.99490476,1.6049048,0.3949048,0.21490479,0.9749048,0.5749048,-0.82509524,-0.4250952,0.044904783,0.80490476,1.6149048,1.5849048,0.5949048,-1.1750952,0.8249048,1.4149048,0.9549048,0.6049048,-0.4250952,0.19490479,0.98490477,1.3349048,0.3349048,-0.005095215,0.5349048,0.9749048,1.1149048,0.6849048,0.37490478,0.4849048,1.6349047,1.2149048,1.1949048,1.6849048,1.5849048,1.9149048,2.1349049,1.6149048,0.7849048,0.7649048,1.0149047
0.7249048,0.7849048,2.2349048,2.5649047,1.3649048,0.6649048,0.23490478,1.8949047,3.4449048,5.9549046,5.5249047,0.21490479,-0.69509524,-1.1050953,-0.2950952,0.06490479,0.7049048,1.2049048,2.5549047,1.3149048,0.67490476,1.2049048,1.1049048,-0.18509522,-0.31509522,0.7749048,1.6549048,1.4149048,0.5249048,1.1349047,0.2949048,1.0449048,1.6849048,1.8049048,0.9549048,0.12490478,0.67490476,1.2249048,1.3049048,0.92490476,1.1349047,0.9649048,0.9649048,1.2849048,1.3149048,0.4249048,0.2949048,1.3049048,1.5649048,1.6749048,2.5249047,1.8049048,1.1649048,1.7349048,1.4149048,0.9649048,0.6849048,0.7849048
-0.21509522,-0.11509521,1.5849048,2.5149047,0.5349048,0.3049048,0.8549048,1.9349048,3.5149047,4.464905,6.694905,3.6749048,0.35490477,0.2649048,0.38490477,-0.9350952,-0.005095215,0.40490478,2.104905,2.1249049,1.6049048,1.1049048,1.0949048,1.2149048,0.47490478,1.4349048,1.5749048,1.6149048,0.6449048,-0.39509523,0.16490479,1.3149048,1.2449048,2.354905,1.4549048,1.0749048,0.7649048,0.8349048,1.5549048,1.5849048,1.7849048,1.8549048,1.7949048,1.4049048,0.6049048,1.0349048,1.4849048,1.4749048,1.8749048,1.8949047,1.9649048,1.9249048,1.8149048,2.6949048,2.7449048,1.4649048,1.4749048,0.4849048
-0.20509522,-0.6750952,0.5949048,2.3649049,2.0749047,2.0049047,2.5649047,2.4249048,3.0349047,3.0249047,4.0249047,5.3349047,2.9449048,1.3649048,0.40490478,0.12490478,0.80490476,0.12490478,1.3349048,2.1649048,2.4049048,2.1549048,1.9449048,2.2749047,1.5049047,1.2549047,1.3649048,1.3049048,0.25490478,0.61490476,1.7049048,1.6949048,1.4849048,1.8849047,1.3449048,1.1649048,0.40490478,0.28490478,1.3849047,1.2049048,0.9049048,1.4849048,1.9649048,2.0249047,1.8549048,1.5749048,1.6249048,1.5049047,1.4049048,0.9049048,1.2849048,1.5249047,1.6649048,2.9849048,3.2449048,2.3649049,1.8449048,0.004904785
0.6649048,-0.5950952,1.4849048,3.4649048,3.8349047,3.2949047,2.3349047,1.6149048,2.3949049,2.3749049,2.9449048,3.9249048,3.854905,2.3149047,1.7749047,1.2949048,0.5149048,0.11490478,1.7849048,2.604905,2.7549047,2.6949048,3.0149047,2.1849048,2.5549047,2.0449047,1.9949048,2.1649048,0.6349048,0.8949048,2.2449048,2.7049048,3.1249049,2.7549047,1.7349048,1.3249048,1.1449047,1.2749047,1.0149047,0.8549048,1.3649048,1.6249048,1.3649048,1.9349048,1.8349048,1.9949048,2.1949048,1.7149048,1.2849048,1.3049048,0.54490477,-0.49509522,0.12490478,1.5249047,2.344905,3.1249049,2.2049048,0.09490479
1.5949048,-0.045095216,1.5249047,4.0849047,4.0849047,3.3649049,2.7949047,1.8949047,1.4249048,2.1649048,3.104905,3.3349047,1.8949047,0.9449048,1.8449048,1.7249048,1.7949048,1.3649048,1.8849047,2.7749047,3.3649049,3.5449047,2.9649048,2.3949049,2.9449048,2.2949047,2.3149047,3.1949048,2.7249048,1.4049048,0.8349048,2.2249048,1.9749048,0.92490476,0.5749048,0.20490478,-0.22509521,0.7549048,1.7049048,1.6449047,1.7349048,1.4549048,1.4149048,1.6849048,2.1449049,2.2849047,2.2249048,2.2349048,1.8449048,2.1849048,1.9149048,1.3949047,0.5649048,0.61490476,2.0249047,2.5449047,1.8149048,0.6649048
1.8749048,0.99490476,1.2249048,2.8949049,4.134905,4.0449047,3.9449048,3.8049047,1.9649048,2.2149048,3.7149048,3.0749047,0.2649048,0.09490479,1.7049048,1.9749048,2.8249047,2.6749048,2.9149048,3.3749049,3.2149048,3.344905,3.2749047,2.7349048,2.9249048,1.8749048,2.6949048,3.5049047,3.5249047,2.7849047,2.3049047,2.4349048,2.104905,1.2449048,1.2049048,0.80490476,0.7049048,1.7049048,2.3649049,2.1549048,1.7949048,2.0349047,2.4649048,2.4349048,2.6449049,2.8149047,2.5549047,2.5049047,2.4349048,2.604905,2.9749048,2.9549048,1.7749047,0.8449048,0.92490476,2.1149049,2.4349048,1.4149048
2.4149048,2.4249048,1.7749047,1.7349048,3.9849048,5.014905,4.744905,4.714905,3.0849047,3.0349047,2.6249049,1.9849048,0.9649048,0.6449048,1.7849048,1.6849048,2.2149048,2.104905,3.1349049,3.6749048,3.2649047,3.3649049,3.7349048,2.3949049,1.5449048,1.5949048,2.7249048,3.5549047,3.4449048,2.6149049,2.2749047,2.594905,2.6749048,2.2849047,1.7349048,1.3049048,1.4549048,0.8449048,0.4849048,0.9649048,1.6049048,1.8649048,2.1349049,2.1149049,2.3249047,2.604905,2.7849047,2.6649048,2.4549048,2.4549048,2.8749049,2.8349047,1.9649048,1.3849047,1.2049048,1.9749048,2.7049048,2.3749049
2.3049047,1.9749048,1.2949048,1.5149047,3.6549048,4.744905,4.6849046,4.1049047,3.7549047,3.594905,3.4049048,3.5349047,2.7449048,1.3649048,2.3849049,2.854905,3.1849048,2.594905,3.0649047,3.1449049,2.9949048,2.8049047,2.8049047,2.4649048,1.9449048,2.1449049,2.0049047,2.9749048,3.0649047,2.6149049,2.4149048,2.3849049,2.2649047,2.1449049,1.4549048,0.7249048,1.2149048,1.2749047,1.0549048,1.2549047,1.5849048,2.0449047,2.2449048,2.0249047,1.9149048,1.9849048,2.2049048,2.354905,2.7749047,2.6449049,2.3249047,2.0649047,1.8149048,1.7249048,0.9449048,0.98490477,2.1849048,2.9649048
3.4349048,2.2049048,0.7149048,1.5549048,2.6749048,3.844905,4.634905,4.514905,4.6449046,4.4349046,3.0449047,3.1549048,3.844905,2.4749048,2.094905,2.9949048,2.7949047,2.2349048,1.6549048,2.2049048,2.5649047,1.8949047,2.1849048,2.3149047,1.6549048,1.1949048,0.5849048,1.5449048,2.344905,2.0449047,1.7349048,1.7249048,0.8549048,0.5149048,1.3049048,1.4949048,1.6049048,2.0749047,2.3049047,2.4249048,2.2749047,2.4349048,2.6249049,2.4749048,2.3349047,2.0649047,1.6749048,2.0249047,2.6149049,2.9049048,2.0749047,0.8749048,0.9549048,0.9749048,0.3649048,-0.5550952,-0.2950952,0.43490478
3.7549047,2.3249047,1.1849048,1.8149048,1.9949048,3.094905,4.0049047,4.784905,5.574905,4.2049046,2.7149048,3.3249047,3.4749048,2.6649048,2.3249047,2.3749049,2.0549047,1.6149048,1.3049048,1.4349048,1.4949048,1.6449047,2.0349047,1.7949048,0.5849048,0.6649048,0.9349048,0.9649048,1.5349048,1.1249048,0.9149048,0.21490479,-0.51509523,0.3349048,1.6749048,2.1749048,2.2449048,2.4749048,2.7149048,2.9249048,3.0849047,3.2349048,3.104905,2.854905,2.7349048,2.5849047,2.094905,2.0549047,2.3349047,1.7449048,0.19490479,-0.8550952,-0.8650952,-1.1950952,-1.9650952,-2.7950952,-2.905095,-2.4550953
4.0849047,2.2349048,1.7349048,2.2649047,2.1749048,2.1249049,2.5649047,4.0649047,5.1249046,1.5649048,2.4649048,3.2449048,2.8849049,2.3349047,1.1049048,1.8049048,1.9849048,1.4449048,1.0449048,0.98490477,1.4949048,1.4549048,1.2649047,1.0649048,1.0149047,1.6749048,2.344905,2.1249049,2.2349048,2.0049047,1.0249047,-0.43509522,-0.19509521,0.92490476,1.8649048,2.3849049,2.6649048,2.9449048,3.2149048,3.4449048,3.7949047,3.6849048,3.0749047,3.1949048,3.4149048,3.4249048,3.1649048,2.2549047,1.7349048,0.4249048,-1.3750952,-2.7850952,-3.6350951,-3.5650952,-3.7150953,-3.6850953,-3.395095,-3.2050953
4.444905,2.5149047,2.2549047,2.5749047,2.2449048,1.7249048,2.4449048,4.214905,3.8649049,2.2749047,2.7349048,2.8249047,1.3049048,-0.11509521,-0.8050952,0.4849048,1.0849048,0.55490476,0.5349048,1.1649048,1.6849048,0.7049048,0.12490478,0.7749048,1.3949047,1.6449047,2.2149048,2.1449049,1.8449048,1.5349048,0.28490478,0.054904785,0.55490476,1.1949048,1.9649048,2.4849048,2.8749049,3.354905,3.604905,3.8249047,4.094905,3.2949047,2.4449048,3.1249049,3.2749047,3.3049047,3.0049047,1.6749048,0.15490478,-0.7750952,-2.4650953,-3.6650953,-3.405095,-2.8550951,-2.3350952,-1.3750952,-0.7850952,-1.3350952
3.8249047,3.2549047,2.8349047,2.1549048,1.7449048,1.3949047,2.1949048,3.0849047,2.3749049,2.3149047,1.3149048,1.0149047,0.14490479,-0.13509521,-0.14509521,0.16490479,0.47490478,0.12490478,0.54490477,0.6849048,0.55490476,0.23490478,0.23490478,0.74490476,1.2349048,1.1849048,1.1149048,0.9349048,0.9649048,0.9749048,0.28490478,0.44490477,0.9749048,1.5149047,2.0849047,2.6649048,3.1749048,3.4149048,3.5249047,3.8349047,4.0049047,2.7449048,1.7749047,2.4249048,2.3049047,2.2649047,1.4449048,-0.20509522,-2.4950953,-3.0650952,-3.5150952,-2.7950952,-0.8050952,-1.7350953,-2.1250951,-1.9350952,-0.75509524,-0.8550952
3.1849048,2.1749048,1.8549048,-0.6450952,-0.9750952,0.08490478,0.5849048,0.9549048,2.1849048,0.22490479,-0.76509523,0.7249048,0.5749048,0.09490479,0.5849048,0.6549048,0.54490477,0.35490477,0.6949048,0.8249048,0.6049048,0.6349048,0.7149048,0.79490477,1.1449047,1.1149048,0.9449048,0.6849048,0.7549048,0.9449048,0.8249048,1.0949048,1.4849048,1.8149048,2.2349048,2.7249048,2.7749047,2.7649047,3.344905,3.7849047,3.6449049,2.3149047,0.5949048,-0.065095216,0.19490479,-0.005095215,-0.94509524,-1.7550952,-1.6550952,-1.3450952,-1.0050952,-1.0150952,-1.0550952,-1.2350953,-0.8550952,-2.7350953,0.86490476,-0.3850952
2.4549048,2.1449049,1.1149048,0.044904783,-0.13509521,-1.1250952,-1.5550952,-0.5550952,0.6449048,-0.16509521,0.16490479,0.25490478,-0.46509522,-0.045095216,1.0449048,0.8449048,1.1849048,0.7649048,1.0949048,1.1349047,1.2849048,1.3249048,1.3849047,1.4149048,1.3749048,1.5849048,1.7149048,1.5649048,1.1949048,1.0549048,1.0649048,1.3249048,1.7249048,1.9249048,2.0849047,2.1849048,2.344905,2.6149049,3.0149047,2.8049047,2.2649047,0.14490479,-1.7250953,-0.6650952,0.5049048,-0.31509522,-0.3550952,-1.5950952,-2.1050951,-1.3850952,-0.20509522,-0.22509521,-1.1350952,-3.3850951,0.98490477,-0.82509524,1.6749048,-0.8750952
1.9649048,0.9349048,-0.6750952,-0.6450952,-0.7450952,-0.88509524,-0.6850952,-0.15509522,-0.17509522,-0.94509524,-0.49509522,-0.43509522,-0.30509523,0.31490478,0.9049048,1.0149047,1.1249048,1.3049048,1.3249048,1.2049048,1.2649047,1.2949048,1.6449047,2.3349047,2.5149047,2.2349048,1.9749048,1.7449048,1.0749048,0.8549048,1.2349048,1.6049048,1.7849048,1.7949048,1.4249048,1.3449048,1.2049048,0.54490477,0.09490479,0.3349048,-0.16509521,-0.7250952,-0.6650952,0.5949048,1.1649048,0.35490477,-1.2950952,-2.4850953,-2.5750952,-2.0750952,-0.3250952,-1.7950952,-2.1950953,-4.1250954,0.25490478,-0.40509522,2.6549048,3.0049047
0.6449048,-1.1150953,-2.2050953,-1.3550953,-1.3850952,-1.5550952,-1.5050952,-1.5850952,-1.9450952,-2.0950952,-1.7550952,-1.0350952,-0.22509521,0.3949048,1.0149047,1.4749048,1.6049048,1.5749048,1.1949048,1.0049047,0.6849048,0.61490476,1.0849048,1.7749047,2.4049048,2.7849047,2.2349048,1.5149047,1.2849048,1.1549048,1.2349048,1.4249048,1.6449047,1.1449047,0.054904785,-0.50509524,-0.4450952,-0.9750952,-1.3150952,-0.43509522,-0.8750952,0.12490478,0.6449048,1.5249047,1.5949048,0.08490478,-1.3650953,-1.6450952,-2.0950952,-2.5350952,-2.3350952,-2.2650952,-2.4850953,-3.8350952,-3.0050952,-0.6050952,4.2049046,3.7249048
0.3249048,-1.9050952,-2.5450952,-1.6550952,-1.7250953,-2.2550952,-2.5550952,-2.4350953,-2.145095,-1.9450952,-1.8950952,-1.5250952,-0.46509522,0.3349048,1.2049048,1.2149048,1.5249047,1.4149048,0.6649048,0.6049048,0.54490477,0.6349048,0.9549048,1.2549047,1.8249048,2.2549047,2.1449049,1.6649048,1.8549048,1.7049048,1.2849048,0.55490476,0.24490479,-0.21509522,-1.2650952,-1.7550952,-1.8750952,-1.6150953,-0.33509523,-0.43509522,-0.21509522,-0.21509522,1.4849048,1.3649048,0.23490478,-0.6550952,-2.1250951,-0.36509523,-1.8550953,-0.7450952,-4.6850953,0.6249048,-0.14509521,-3.0550952,1.1249048,2.3049047,1.0349048,-0.22509521
-0.8750952,-2.4850953,-2.6750953,-2.405095,-2.3550951,-2.3550951,-2.3250952,-2.1650953,-1.9150952,-1.7450953,-1.9650952,-1.6850952,-0.4550952,0.5349048,1.0049047,1.1649048,1.3149048,0.92490476,0.24490479,0.44490477,0.4549048,0.6049048,0.9449048,1.1249048,1.2849048,1.3149048,1.5849048,1.7649047,1.6949048,1.6849048,0.7049048,-0.95509523,-1.5150952,-1.7050952,-2.0350952,-2.4850953,-2.155095,-2.4750953,-2.3450952,-2.1750953,-0.6450952,0.6349048,-0.6450952,-2.9650953,-0.6250952,1.1149048,-3.8750951,3.4949048,-3.7850952,-0.7450952,-2.8650951,1.5849048,0.43490478,1.9049048,2.1749048,2.4149048,1.7749047,1.4749048
-2.0850952,-2.3350952,-2.6050951,-2.9850953,-3.1050951,-2.9550953,-2.5250952,-1.9650952,-1.6850952,-1.9450952,-2.2450953,-1.7650952,-0.75509524,-0.24509521,0.23490478,0.8349048,1.1549048,0.8849048,0.8149048,0.8749048,0.8149048,0.9449048,1.1749048,1.2449048,1.4649048,1.5349048,1.3349048,1.2349048,0.6849048,0.80490476,-0.15509522,-0.6550952,-1.5550952,-1.4450952,-2.155095,-2.2450953,-0.5450952,-1.6850952,-3.3350952,-2.6750953,-3.9450953,-0.9250952,3.1849048,-0.23509522,-2.2550952,-1.7450953,2.3949049,2.8049047,0.3049048,0.92490476,1.2049048,0.21490479,0.4549048,2.7849047,1.9849048,2.0049047,1.6949048,1.3749048
