server/public/parseData/2022032500.json
{"header": {"discipline":0,"disciplineName":"Meteorological products","gribEdition":2,"gribLength":77977,"center":7,"centerName":"US National Weather Service - NCEP(WMC)","subcenter":0,"refTime":"2022-03-25T00:00:00.000Z","significanceOfRT":1,"significanceOfRTName":"Start of forecast","productStatus":0,"productStatusName":"Operational products","productType":1,"productTypeName":"Forecast products","productDefinitionTemplate":0,"productDefinitionTemplateName":"Analysis/forecast at horizontal level/layer at a point in time","parameterCategory":2,"parameterCategoryName":"Momentum","parameterNumber":3,"parameterNumberName":"V-component_of_wind","parameterUnit":"m.s-1","genProcessType":2,"genProcessTypeName":"Forecast","forecastTime":0,"surface1Type":103,"surface1TypeName":"Specified height level above ground","surface1Value":10.0,"surface2Type":255,"surface2TypeName":"Missing","surface2Value":0.0,"gridDefinitionTemplate":0,"gridDefinitionTemplateName":"Latitude_Longitude","numberPoints":51865,"shape":6,"shapeName":"Earth spherical with radius of 6,371,229.0 m","gridUnits":"degrees","resolution":48,"winds":"true","scanMode":64,"nx":253,"ny":205,"basicAngle":0,"lo1":73.0,"la1":3.0,"lo2":136.0,"la2":54.0,"dx":0.25,"dy":0.25}, "data":
[rows 156 to 181 of 205, columns 58 to 115 of 253]
0.052036133,1.1520362,1.6120361,0.93203616,-0.15796387,-0.6479639,-0.21796387,-0.49796388,-0.057963867,0.46203613,1.8420361,2.002036,1.8720361,1.0820361,1.0520362,1.1420361,0.57203615,0.032036133,-0.37796387,-0.19796386,0.63203615,0.52203614,0.26203614,0.23203613,0.43203613,0.8520361,1.8920361,3.4420362,3.762036,3.782036,3.6120362,3.232036,2.262036,1.5420362,1.2920362,0.70203614,0.04203613,0.18203613,-0.7579639,0.032036133,0.46203613,0.52203614,-0.24796386,-1.1579639,-1.7779639,-2.6479638,-3.467964,-3.1379638,-3.007964,-2.437964,-2.417964,-2.5879638,-3.1079638,-3.0379639,-2.6079638,-1.9579638,-2.0879638,-2.5779638
-0.67796385,-0.84796387,-0.7179639,-1.0079639,-0.9479639,-1.1779639,0.032036133,0.31203613,-0.017963868,-0.40796387,2.062036,3.012036,2.7220361,2.1220362,2.8420362,2.752036,2.2020361,0.89203614,-0.10796387,0.34203613,0.5320361,0.19203614,0.87203616,0.70203614,0.47203612,0.7420361,1.2520361,1.7220361,1.8320361,1.8220361,1.8520361,2.512036,2.002036,0.6720361,0.43203613,-0.017963868,-0.16796386,0.48203614,0.68203616,-0.087963864,-1.1279639,-1.1979638,-1.5879638,-0.40796387,-0.22796386,-0.8279639,-0.33796388,0.28203613,-0.13796386,-1.0579638,-0.86796385,-0.26796386,-0.48796386,-0.78796387,-1.2579639,-1.5279639,-1.5179639,-1.0179639
0.64203614,0.13203613,0.46203613,1.0920361,0.76203614,0.5920361,0.36203614,0.14203614,-0.33796388,-0.29796386,1.2720361,0.8420361,-0.22796386,0.5320361,2.562036,2.4320362,2.1820362,1.2220361,1.0620362,1.2020361,0.70203614,1.2220361,-0.22796386,-1.1179639,-1.0879638,0.63203615,0.68203616,0.24203613,-0.91796386,-1.7879639,-2.1179638,-0.81796384,0.40203613,0.12203613,-0.5079639,-0.9479639,-0.40796387,0.012036133,0.062036134,-0.29796386,-0.6979639,-0.59796387,-0.057963867,-0.44796386,-0.9479639,-0.27796388,0.9820361,1.6120361,0.65203613,-0.6979639,-1.1679639,-2.0779638,-2.697964,-1.9179639,-0.9079639,-0.16796386,0.88203615,0.83203614
1.3020362,0.28203613,0.07203613,-0.18796387,0.18203613,0.52203614,0.14203614,0.10203613,0.10203613,-1.8879639,-1.2079638,-0.91796386,-0.97796386,-0.30796388,0.5520361,1.1220361,1.5920361,0.77203614,0.43203613,-0.78796387,0.6620361,2.1520362,0.6720361,0.012036133,0.30203614,1.2120361,1.2320361,-0.07796387,0.46203613,0.46203613,0.94203615,0.75203615,0.0020361328,-0.79796386,-0.5079639,-0.8979639,-1.5579638,-1.5579638,-0.74796385,-0.42796385,-0.39796388,0.16203614,0.08203613,-1.6779639,-2.667964,-0.81796384,1.2920362,0.6020361,-1.9379638,-3.477964,-4.0279636,-4.597964,-3.3379638,-1.2179638,1.2620361,2.9620361,1.9120362,1.2920362
0.20203613,-0.7079639,-0.48796386,-1.8679639,-0.99796385,0.022036133,-0.39796388,-0.91796386,-0.44796386,-0.27796388,-1.6079639,-0.99796385,-0.28796387,-0.057963867,-0.45796385,-0.20796387,-0.98796386,-2.757964,-2.517964,-0.5179639,-0.29796386,0.37203613,-0.06796387,-0.14796387,-0.47796386,-2.3779638,-1.8979639,-2.5679638,-1.4979639,0.16203614,1.6420361,-0.18796387,-1.4979639,-1.9179639,-0.9079639,-1.2079638,-2.957964,-2.3679638,-1.3579639,-0.5879639,0.43203613,0.81203616,0.69203615,-1.5879638,-1.6479639,-2.227964,-2.3779638,-3.007964,-2.197964,-3.717964,-5.627964,-7.107964,-6.7579637,-4.187964,-2.3679638,-1.6679639,-2.1479638,-3.7879639
1.9120362,0.70203614,-0.7779639,-2.2779639,-1.6679639,-1.0279639,-1.4479638,-2.5479639,-2.7979639,-1.7779639,-2.987964,-2.7879639,-3.6079638,-1.2479639,-1.6379639,-1.3279638,-3.3479638,-4.9479637,-3.3779638,-1.4579638,-1.2379639,-0.87796384,-1.5179639,-2.0879638,-2.997964,-3.7779639,-0.84796387,2.9020362,1.8520361,0.8020361,-0.97796386,-0.80796385,0.7920361,0.88203615,0.71203613,-0.27796388,-1.9279639,-1.1479639,0.27203614,0.51203614,0.88203615,1.1220361,-0.36796388,-2.467964,-2.3479638,-2.5379639,-2.8079638,0.19203614,1.0120361,-0.15796387,-1.0579638,-1.2779639,-1.9779639,-2.927964,-4.357964,-4.127964,-4.1979637,-2.427964
3.6520362,1.5120361,-1.3079638,-0.84796387,-1.0079639,-3.707964,-3.2779639,-0.027963867,2.5920362,3.6520362,2.062036,-0.21796387,-0.80796385,-0.99796385,-1.8679639,-1.7979639,-3.187964,-2.8479638,-2.4079638,-0.7179639,-0.30796388,0.19203614,1.0520362,0.64203614,-0.087963864,-0.6479639,2.002036,2.4620361,0.81203616,0.65203613,0.6620361,0.23203613,0.092036135,1.3820361,3.6020362,4.5520363,3.3720362,1.6620362,0.8520361,0.31203613,0.022036133,-0.59796387,-0.81796384,-0.43796387,-1.2679639,-2.3479638,-2.6079638,0.20203613,3.7020361,4.392036,3.8720362,3.3520362,2.3420362,0.28203613,-1.8079638,-1.7079638,1.5720361,1.6620362
2.582036,0.21203613,-1.0679638,-2.197964,-1.7779639,2.3520362,3.502036,4.102036,4.0320363,3.242036,3.802036,3.9120362,4.3220363,3.542036,4.0120363,2.252036,-2.1379638,-1.2679639,1.6720362,2.1420362,1.4920361,1.3320361,1.2120361,-0.49796388,-0.98796386,2.6420362,1.0720361,5.642036,3.552036,2.7120361,1.8620361,0.32203615,0.5520361,2.562036,3.762036,3.982036,3.022036,0.5320361,-0.5079639,-0.07796387,0.24203613,0.15203613,0.57203615,0.22203614,0.10203613,-0.86796385,-2.427964,-0.86796385,2.762036,4.912036,6.182036,7.122036,6.402036,4.452036,1.3620361,1.0520362,0.022036133,-0.49796388
0.88203615,1.4620361,1.5020361,3.4520361,3.9120362,2.552036,2.082036,1.5720361,1.8620361,2.012036,2.1120362,2.3820362,2.1320362,2.3420362,3.082036,4.0720363,3.062036,2.992036,3.4320362,3.6620362,3.9020362,3.4620361,4.482036,6.122036,4.2620363,0.81203616,-1.0579638,-2.1379638,-4.687964,-3.3079638,-2.5679638,-1.2879639,-0.5279639,-0.44796386,0.25203612,1.8720361,1.7720361,1.1020361,0.42203614,0.88203615,1.0520362,0.36203614,0.9920361,1.9620361,0.9820361,-0.6379639,-1.9079639,-0.81796384,1.3920361,2.3720362,3.3520362,4.002036,3.812036,2.332036,0.15203613,-0.68796384,-0.72796386,-0.5079639
0.032036133,0.62203616,0.47203612,0.37203613,1.3920361,1.2720361,1.7820362,1.9420362,1.9020362,1.6220361,1.2720361,1.5820361,2.052036,2.812036,2.8720362,3.6620362,2.7220361,3.0920362,2.802036,4.232036,3.302036,2.4420362,2.572036,1.5820361,-0.47796386,-4.497964,-7.317964,-9.117964,-9.787964,-9.547964,-9.357964,-9.057964,-7.397964,-5.2579637,-3.8779638,-2.7979639,0.23203613,0.64203614,-0.17796387,0.63203615,1.8520361,3.4420362,2.8820362,0.83203614,-0.34796387,-1.0379639,-2.227964,-2.207964,0.18203613,1.1720362,2.3920362,3.4520361,2.9620361,2.9720361,2.8420362,1.2020361,0.25203612,0.9720361
1.2520361,1.3320361,1.3520361,1.4720361,1.7520361,1.9320362,2.1220362,2.002036,1.5620362,1.0720361,1.1120361,1.4720361,1.8820361,2.0920362,2.572036,3.272036,2.1420362,1.9820361,1.9420362,1.5720361,1.8020362,1.7220361,1.1220361,0.052036133,-1.4079639,-2.3879638,-2.8979638,-3.447964,-4.437964,-5.897964,-7.877964,-6.9279637,-3.257964,-0.6979639,-0.27796388,-2.5579638,-0.7079639,0.28203613,-0.99796385,0.44203612,-0.13796386,-1.4379638,-0.6579639,0.22203614,-0.027963867,0.22203614,0.8620361,0.58203614,0.28203613,1.4320362,2.4720361,2.7120361,1.7020361,-0.117963865,0.6620361,-3.167964,-3.3279638,-0.117963865
1.9020362,2.492036,2.4620361,2.292036,2.1420362,2.032036,1.7520361,1.1020361,0.63203615,0.052036133,0.12203613,0.49203613,0.38203612,0.38203612,0.95203614,1.3520361,1.3820361,1.0420362,0.56203616,-0.09796387,0.29203615,0.36203614,-0.16796386,-1.4379638,-1.9679638,-1.3079638,-0.7179639,-0.93796384,-2.197964,-3.707964,-5.7379637,-2.957964,-0.34796387,2.3920362,0.092036135,-0.22796386,0.28203613,0.7220361,0.40203613,-0.6479639,-1.6079639,-2.0279639,-2.417964,-0.13796386,1.3320361,1.8220361,4.402036,4.872036,1.2920362,1.0320362,0.7320361,0.69203615,0.08203613,-0.6979639,-1.4679638,-4.417964,-3.6279638,-1.0879638
1.5820361,2.3920362,2.522036,2.4420362,2.3420362,1.7720361,1.4420362,0.9820361,0.35203612,0.12203613,-0.007963867,-0.48796386,-1.6279639,-2.727964,-1.7379639,0.88203615,1.6820362,0.34203613,-0.49796388,-2.0379639,-1.6279639,-1.6079639,-2.3979638,-2.437964,-2.507964,-2.417964,-3.0879638,-1.5279639,3.042036,5.432036,4.5320363,2.1120362,-0.36796388,2.282036,0.19203614,-0.46796387,0.24203613,1.3120362,0.17203613,-0.26796386,0.18203613,0.81203616,0.062036134,0.34203613,1.4720361,1.8720361,0.37203613,3.042036,3.1320362,2.5920362,2.9320362,2.1720362,1.3620361,1.4620361,2.052036,1.8420361,1.9820361,0.14203614
1.1120361,1.9320362,2.302036,2.4520361,2.512036,2.052036,2.752036,2.6220362,2.1420362,1.5720361,1.3820361,1.3320361,0.69203615,0.88203615,0.96203613,1.3320361,0.43203613,0.24203613,0.46203613,0.26203614,-0.6479639,-0.5879639,-0.5179639,-0.7179639,-0.37796387,-0.30796388,-1.8779639,-1.8479638,2.8520362,5.812036,3.542036,-1.0979638,-3.947964,-3.1279638,-3.707964,-4.357964,-3.507964,-3.2979639,-2.3679638,0.5920361,2.022036,2.3720362,3.1020362,3.3420362,2.502036,1.6320361,1.8720361,1.9320362,1.6420361,0.83203614,0.37203613,0.12203613,0.25203612,0.96203613,1.5720361,1.9320362,1.6920362,0.94203615
1.2420361,1.4020362,1.3720361,1.6120361,2.282036,2.8420362,3.4120362,3.3720362,2.9220362,2.2020361,1.5920361,2.002036,3.022036,3.012036,0.17203613,-1.6679639,-1.3779639,-1.4179639,-0.5079639,-0.38796386,-0.8379639,-0.85796386,-0.44796386,-0.9679639,-0.8979639,-0.46796387,-3.427964,-3.5379639,3.022036,4.3020363,3.7120361,3.0920362,1.6520362,-1.5279639,-1.6979638,-2.1179638,-2.1179638,0.34203613,4.002036,3.242036,1.0920361,0.95203614,0.83203614,0.092036135,0.20203613,0.34203613,0.11203613,0.75203615,1.4820361,1.7420361,2.1120362,2.1120362,1.7120361,1.2520361,1.1920362,1.4720361,1.0920361,0.6720361
0.96203613,1.4520361,1.6620362,1.9420362,2.6720362,3.1820362,2.992036,2.542036,2.1320362,1.8520361,1.4520361,0.69203615,-0.19796386,-1.4479638,-1.0879638,-1.7079638,-1.5579638,-3.0579638,-2.1079638,-1.9979639,-1.3579639,-0.87796384,-0.78796387,-1.0179639,-0.61796385,0.89203614,5.142036,3.322036,0.45203614,2.1420362,4.962036,5.2220364,3.9320362,3.1720362,3.9620361,6.182036,5.932036,5.0120363,1.5420362,-3.0479639,-1.7679639,0.7420361,0.37203613,0.57203615,-0.42796385,-0.7579639,-0.66796386,0.15203613,1.0420362,1.4820361,1.5720361,0.94203615,0.71203613,1.0020361,0.21203613,-0.40796387,-0.21796387,-0.17796387
2.482036,2.6520362,2.732036,2.562036,2.272036,2.1420362,2.062036,1.9220362,1.8020362,0.89203614,-0.21796387,0.04203613,-1.7179638,-1.2979639,-1.2579639,-1.5979638,-1.2879639,-1.9479638,-1.4079639,-2.2879639,-1.6379639,-0.80796385,-1.2779639,-0.43796387,3.1120362,3.6920362,6.192036,7.232036,4.2220364,1.5420362,-0.23796387,1.6920362,1.7920362,2.6720362,2.792036,1.3220361,0.7820361,0.31203613,-1.5579638,1.0820361,1.8220361,0.5520361,-0.9579639,-1.1479639,-1.1979638,-0.7579639,0.35203612,-0.37796387,-1.6879638,-1.2579639,-1.1879638,-1.2779639,-1.3879639,-2.0979638,-2.1279638,-2.7979639,-1.2479639,0.34203613
3.3820362,3.542036,3.4720361,3.1520362,2.9120362,2.6820362,2.292036,2.1820362,1.7020361,1.3920361,-0.037963867,-0.5079639,-1.0479639,-0.8979639,-1.6979638,-2.707964,-1.4679638,-3.0279639,-3.267964,-3.247964,-2.987964,-1.1979638,1.5620362,3.1820362,2.772036,1.3120362,1.4920361,-0.73796386,-1.3579639,1.9520361,3.062036,2.7220361,1.0620362,-0.16796386,0.65203613,2.062036,3.062036,2.992036,3.232036,1.5820361,-0.54796386,-1.4479638,-1.6079639,-1.9479638,-2.3179638,-1.8979639,-0.9679639,-0.23796387,-1.1879638,-2.447964,-2.247964,-2.0379639,-1.9579638,-2.3879638,-1.0779638,0.40203613,-0.5779639,-1.3979639
-0.17796387,0.9920361,2.3720362,2.812036,2.552036,2.3720362,2.302036,2.2220361,2.1020362,1.0420362,-0.61796385,-0.26796386,-0.42796385,-0.48796386,-0.37796387,-1.7579639,-0.9079639,-0.61796385,-0.8379639,-0.117963865,2.4320362,5.942036,4.952036,3.992036,2.062036,0.37203613,1.1920362,0.9220361,0.18203613,-0.14796387,1.1120361,1.6520362,1.0720361,1.0220361,2.012036,3.492036,3.822036,1.2320361,0.94203615,-0.18796387,-1.0279639,-1.5779638,-1.0279639,-0.7779639,-0.41796386,-0.12796387,-0.67796385,-0.007963867,0.95203614,0.37203613,-1.0579638,-2.0279639,-2.467964,-2.6079638,-0.9479639,0.16203614,1.2620361,0.8620361
-1.1179639,-0.057963867,0.9220361,1.8420361,1.6720362,2.062036,2.6920362,1.9920361,2.6020362,2.262036,0.64203614,-0.34796387,1.0220361,1.1720362,1.9520361,1.0120361,1.1220361,3.312036,3.3420362,3.3420362,3.6520362,1.6020361,1.6820362,3.802036,4.502036,1.4320362,1.2420361,1.2620361,1.2420361,5.252036,5.622036,4.832036,4.392036,4.2820363,3.552036,0.88203615,1.3120362,4.582036,-0.14796387,-2.1579638,-1.5479639,-0.98796386,-1.2679639,-0.5279639,0.5920361,0.77203614,0.9720361,0.9920361,0.9220361,0.24203613,-2.0879638,-0.78796387,1.6120361,0.25203612,-0.22796386,0.8620361,1.6820362,2.3820362
-0.9679639,-0.31796387,0.6720361,1.6820362,2.6820362,2.6920362,2.3820362,1.5920361,2.1320362,2.4220362,2.042036,1.7120361,1.2020361,2.3920362,1.2720361,2.252036,3.8920362,3.482036,3.242036,2.072036,2.542036,2.0920362,3.332036,3.542036,2.8520362,-0.40796387,-0.74796385,1.3820361,5.852036,6.902036,4.232036,4.502036,4.062036,2.832036,0.95203614,0.45203614,0.12203613,0.6720361,-0.20796387,-0.79796386,-1.0779638,1.6820362,0.16203614,-0.7079639,-0.49796388,-0.74796385,-0.017963868,1.2620361,1.6020361,1.4920361,-1.3579639,-1.9079639,2.332036,3.6320362,3.3720362,2.4220362,1.2620361,1.0120361
-1.0979638,-0.61796385,1.2220361,1.9420362,1.5720361,0.58203614,1.7220361,2.6020362,2.532036,1.9520361,3.502036,4.172036,4.4720364,2.822036,0.7920361,2.4620361,3.992036,2.9020362,3.2120361,2.002036,1.3020362,-1.0679638,-0.16796386,0.39203614,3.792036,4.392036,1.3420361,3.812036,6.062036,4.202036,1.6720362,1.2720361,0.35203612,1.5120361,1.0920361,0.23203613,1.2820362,2.082036,0.93203616,-0.18796387,-1.6479639,-0.06796387,0.19203614,-0.8879639,-0.66796386,-1.0979638,-0.8879639,0.32203615,-0.72796386,0.52203614,4.232036,3.562036,2.1120362,3.042036,2.6720362,3.1420362,2.082036,1.8520361
-0.027963867,0.062036134,0.9920361,0.7420361,-0.07796387,-0.40796387,1.1720362,3.1020362,3.3920362,3.4620361,3.272036,4.162036,4.5120363,6.312036,7.252036,5.7420363,5.0920362,3.6620362,1.5920361,1.8620361,0.08203613,2.9220362,4.2820363,1.5320362,2.542036,5.442036,3.752036,4.5920362,4.612036,2.6720362,0.58203614,1.6020361,1.9220362,1.5420362,-0.017963868,-0.38796386,0.47203612,1.0520362,2.1720362,2.7120361,-0.09796387,-0.9579639,1.0820361,0.76203614,0.18203613,0.65203613,2.022036,2.832036,1.7820362,1.7020361,1.9720361,2.4520361,2.5920362,2.302036,2.322036,2.1520362,1.3420361,1.1720362
0.10203613,-0.5079639,-0.32796386,-0.33796388,0.56203616,1.8720361,2.252036,3.002036,4.712036,3.6120362,4.2820363,4.5320363,3.812036,3.2020361,3.272036,5.502036,5.0720363,3.1120362,3.1520362,5.112036,4.042036,2.1320362,1.3120362,1.1120361,3.802036,4.862036,4.232036,4.362036,2.9420362,0.81203616,-0.04796387,0.90203613,1.0920361,0.58203614,1.1420361,0.8420361,-0.46796387,0.82203615,0.7320361,1.2720361,3.4220362,2.762036,3.322036,3.542036,3.1920362,3.282036,2.482036,2.9120362,3.4420362,3.5920362,1.8120362,1.2320361,1.6720362,1.6420361,0.71203613,0.43203613,1.3120362,0.75203615
1.9220362,1.5920361,2.582036,2.492036,3.252036,4.5920362,3.282036,3.1720362,5.582036,4.872036,3.6420362,2.742036,1.6620362,3.3920362,3.2120361,1.6520362,2.072036,1.5820361,1.6120361,5.062036,3.992036,2.072036,0.88203615,1.9120362,2.6520362,2.7120361,3.3620362,4.482036,3.5920362,3.272036,3.1820362,3.792036,3.6520362,2.232036,1.9720361,1.8120362,1.5620362,2.1420362,2.802036,4.5720363,4.792036,4.902036,5.382036,3.8520362,2.0920362,1.7520361,1.6420361,1.6120361,1.9420362,2.3720362,2.052036,1.3720361,1.1720362,-0.23796387,0.87203616,0.9820361,-0.04796387,-0.49796388
2.3720362,2.782036,4.112036,3.242036,4.172036,5.522036,5.402036,5.442036,4.422036,4.0720363,5.5120363,4.2820363,3.6620362,4.702036,3.3820362,1.1020361,1.2520361,-0.5179639,-2.1479638,-0.21796387,1.5220361,0.51203614,-0.32796386,1.4220362,2.6020362,3.4220362,4.482036,5.422036,5.002036,4.872036,5.042036,4.372036,4.212036,3.4720361,2.732036,2.782036,2.6920362,3.4520361,3.6020362,2.992036,3.6120362,3.512036,3.742036,3.9220362,3.772036,2.482036,0.93203616,0.94203615,1.3320361,0.95203614,-0.7079639,0.26203614,2.2120361,1.7720361,0.6020361,0.96203613,0.27203614,0.28203613
