server/public/parseData/2022032500.json
{"header": {"discipline":0,"disciplineName":"Meteorological products","gribEdition":2,"gribLength":77977,"center":7,"centerName":"US National Weather Service - NCEP(WMC)","subcenter":0,"refTime":"2022-03-25T00:00:00.000Z","significanceOfRT":1,"significanceOfRTName":"Start of forecast","productStatus":0,"productStatusName":"Operational products","productType":1,"productTypeName":"Forecast products","productDefinitionTemplate":0,"productDefinitionTemplateName":"Analysis/forecast at horizontal level/layer at a point in time","parameterCategory":2,"parameterCategoryName":"Momentum","parameterNumber":2,"parameterNumberName":"U-component_of_wind","parameterUnit":"m.s-1","genProcessType":2,"genProcessTypeName":"Forecast","forecastTime":0,"surface1Type":103,"surface1TypeName":"Specified height level above ground","surface1Value":10.0,"surface2Type":255,"surface2TypeName":"Missing","surface2Value":0.0,"gridDefinitionTemplate":0,"gridDefinitionTemplateName":"Latitude_Longitude","numberPoints":51865,"shape":6,"shapeName":"Earth spherical with radius of 6,371,229.0 m","gridUnits":"degrees","resolution":48,"winds":"true","scanMode":64,"nx":253,"ny":205,"basicAngle":0,"lo1":73.0,"la1":3.0,"lo2":136.0,"la2":54.0,"dx":0.25,"dy":0.25}, "data":
[rows 52 to 77 of 205, columns 174 to 231 of 253]
-2.8250952,-2.2250953,-1.5850952,-0.9150952,-0.23509522,0.2649048,0.54490477,0.5649048,0.3049048,0.17490478,-0.19509521,-0.075095214,1.0049047,0.7249048,-0.18509522,-3.3750951,-2.6650953,-1.1550952,-1.2350953,-1.5050952,-1.0150952,-0.76509523,-3.5650952,-2.7250953,-3.9850953,-4.235095,-4.505095,-5.175095,-5.6050954,-5.7050953,-6.405095,-5.8350954,-5.555095,-5.535095,-6.235095,-6.7950954,-7.3150954,-6.865095,-7.095095,-7.7950954,-7.9150953,-8.015095,-7.885095,-7.7050953,-7.4350953,-7.1650953,-7.175095,-7.9350953,-7.6050954,-7.3350954,-7.1850953,-7.575095,-7.9550953,-7.885095,-7.865095,-7.7050953,-7.715095,-7.805095
-2.6950953,-2.2150953,-1.8150952,-1.2750952,-0.5650952,0.25490478,0.7749048,0.9349048,0.7149048,0.54490477,0.6649048,1.0649048,1.3949047,0.3249048,-2.5150952,-4.305095,-1.2550952,-1.7150952,-1.4650952,-1.1850952,-0.40509522,-0.4850952,-1.4450952,-1.5250952,-2.7050953,-3.7950952,-4.175095,-5.1450953,-5.025095,-5.345095,-6.535095,-6.5850954,-6.3150954,-6.035095,-5.8550954,-6.505095,-7.345095,-7.385095,-6.765095,-7.6850953,-7.805095,-7.775095,-7.6050954,-7.235095,-7.4550953,-7.595095,-7.8350954,-7.7050953,-7.765095,-7.485095,-7.485095,-7.555095,-7.8550954,-8.045095,-7.7450953,-7.555095,-7.7250953,-7.8550954
-2.6850953,-2.4450953,-2.0350952,-1.4850953,-0.8050952,0.08490478,0.8849048,1.1649048,1.0549048,0.80490476,0.80490476,1.1449047,0.99490476,-0.9350952,-3.7350953,-2.0550952,0.014904785,-1.5650952,-1.0850952,-0.005095215,0.044904783,0.44490477,-0.9150952,-1.0250952,-1.4250952,-3.0850952,-4.1250954,-4.905095,-5.325095,-5.4550953,-6.265095,-6.485095,-6.635095,-6.6650953,-6.425095,-6.535095,-7.015095,-7.275095,-6.885095,-7.555095,-7.735095,-7.575095,-7.6850953,-7.635095,-7.515095,-7.525095,-7.885095,-8.075095,-7.885095,-7.755095,-7.825095,-8.165095,-8.245095,-8.055096,-7.735095,-7.385095,-7.575095,-7.695095
-2.5550952,-2.395095,-2.0950952,-1.5650952,-0.8050952,0.06490479,1.0049047,1.3949047,1.4049048,1.1649048,1.0149047,1.0149047,0.37490478,-1.6650952,-2.2550952,-0.4550952,0.24490479,-0.9650952,-0.9350952,0.16490479,0.024904786,0.61490476,0.14490479,-1.0350952,-0.7950952,-2.6950953,-3.6850953,-4.825095,-5.1650953,-5.5450954,-6.1650953,-6.305095,-6.555095,-6.805095,-6.965095,-6.775095,-6.775095,-6.765095,-6.925095,-7.4750953,-7.535095,-7.3950953,-7.525095,-7.5850954,-7.485095,-7.4550953,-7.6450953,-7.755095,-7.695095,-7.6250954,-7.7950954,-8.045095,-8.295095,-8.105095,-7.715095,-7.615095,-7.7250953,-7.465095
-2.5050952,-2.3850951,-2.1050951,-1.6550952,-0.94509524,0.13490479,1.0749048,1.6249048,1.8149048,1.6349047,1.1749048,0.8549048,0.3649048,-1.0350952,-0.6050952,0.054904785,0.41490477,-1.0550952,-1.0650952,0.09490479,-0.17509522,0.09490479,-0.045095216,-1.2250953,-0.8650952,-3.0750952,-3.5950952,-4.555095,-5.1050954,-5.6450953,-6.1650953,-6.385095,-6.6050954,-6.695095,-6.845095,-6.985095,-6.635095,-6.715095,-6.735095,-7.0850954,-7.2250953,-7.135095,-7.2050953,-7.4150953,-7.525095,-7.4950953,-7.535095,-7.525095,-7.5450954,-7.6250954,-7.965095,-8.2150955,-8.165095,-8.105095,-7.925095,-7.6650953,-7.615095,-7.7250953
-2.6050951,-2.3650951,-1.8850952,-1.6750952,-0.9150952,0.06490479,1.0449048,1.6849048,2.0549047,2.0249047,1.6049048,1.1449047,0.8149048,-0.4750952,0.3249048,0.43490478,0.13490479,-0.025095215,-0.94509524,-0.6550952,-0.33509523,-0.46509522,-0.15509522,-0.9650952,-0.4150952,-3.6850953,-4.365095,-5.285095,-5.235095,-5.345095,-6.2450953,-6.555095,-6.505095,-6.4550953,-6.6250954,-6.8150954,-6.775095,-6.6050954,-6.575095,-6.4150953,-6.6850953,-6.845095,-6.925095,-7.135095,-7.385095,-7.4350953,-7.445095,-7.465095,-7.4950953,-7.555095,-7.7950954,-8.075095,-8.135096,-8.125095,-8.115095,-7.925095,-7.6450953,-7.6050954
-2.5850952,-2.2550952,-1.9050952,-1.4650952,-0.6850952,0.13490479,1.0149047,1.8649048,2.2349048,2.2849047,1.9549048,1.3449048,0.37490478,-0.9050952,0.4649048,0.6449048,-0.23509522,0.31490478,-0.9750952,-0.70509523,-0.4150952,-0.11509521,-1.0650952,-0.7450952,-1.1550952,-4.385095,-4.9950953,-5.775095,-5.635095,-5.9350953,-6.215095,-6.7250953,-6.595095,-6.4750953,-6.635095,-6.7250953,-6.655095,-6.6850953,-6.905095,-6.695095,-6.4950953,-6.675095,-6.8950953,-6.925095,-7.155095,-7.305095,-7.2450953,-7.3550954,-7.465095,-7.555095,-7.6850953,-7.785095,-7.8750954,-7.965095,-7.9550953,-7.9150953,-7.7450953,-7.615095
-2.645095,-2.5650952,-1.9950953,-1.0650952,-0.40509522,0.25490478,1.2349048,2.2049048,2.5549047,2.4449048,2.1249049,1.2349048,-0.4850952,-0.9750952,0.6549048,0.7849048,0.08490478,-0.2550952,-1.0750952,-1.1650952,-0.95509523,0.18490478,-1.3050952,-0.31509522,-2.0750952,-4.4950953,-5.095095,-5.615095,-5.755095,-6.1450953,-6.3550954,-6.865095,-6.775095,-6.6250954,-6.735095,-6.8350954,-6.6450953,-6.7250953,-7.015095,-6.735095,-6.5450954,-6.4750953,-6.5450954,-6.7050953,-6.8550954,-7.025095,-7.0650954,-7.215095,-7.2950954,-7.4550953,-7.675095,-7.695095,-7.715095,-7.775095,-7.8350954,-7.945095,-8.085095,-8.065095
-2.8750951,-2.4950953,-1.6250952,-0.82509524,-0.21509522,0.31490478,1.2149048,2.3349047,2.7449048,2.5149047,2.1649048,1.5049047,0.6449048,0.4949048,1.5449048,0.6249048,0.41490477,-0.055095214,-0.9850952,-0.16509521,-0.33509523,-0.09509522,-1.5550952,-0.3850952,-2.9650953,-4.325095,-5.0650954,-5.615095,-5.8750954,-6.1450953,-6.4950953,-6.655095,-6.7450953,-6.805095,-6.845095,-6.8350954,-6.7950954,-6.8550954,-6.925095,-6.715095,-6.385095,-6.275095,-6.2050953,-6.385095,-6.4950953,-6.575095,-6.775095,-6.885095,-6.9350953,-7.135095,-7.485095,-7.635095,-7.715095,-7.775095,-7.765095,-7.865095,-8.025095,-8.105095
-3.0150952,-2.4350953,-1.7950952,-1.1650952,-0.5550952,-0.08509521,0.5049048,1.6549048,2.5049047,2.2649047,1.9549048,1.7049048,1.4549048,1.5249047,1.6149048,0.6549048,-0.4750952,-0.005095215,-0.88509524,-0.075095214,-0.6050952,0.024904786,-0.8650952,-1.3750952,-4.015095,-4.775095,-5.485095,-5.785095,-5.755095,-5.9150953,-6.2050953,-6.3150954,-6.405095,-6.655095,-6.6050954,-6.905095,-6.765095,-6.825095,-6.8150954,-6.5450954,-6.385095,-6.265095,-6.445095,-6.445095,-6.4150953,-6.285095,-6.305095,-6.3550954,-6.5850954,-6.785095,-7.015095,-7.3350954,-7.5650954,-7.775095,-7.765095,-7.735095,-7.8550954,-7.9550953
-2.655095,-2.4850953,-2.4750953,-2.0550952,-1.7250953,-1.2950952,-0.7150952,-0.39509523,0.9649048,1.5149047,1.3649048,1.3549048,1.3249048,1.3449048,1.4149048,1.3349048,0.35490477,0.17490478,-0.39509523,-1.6150953,-1.5950952,-0.94509524,-2.0850952,-4.275095,-5.785095,-5.905095,-6.1050954,-6.135095,-6.0650954,-6.115095,-6.1250954,-6.175095,-6.325095,-6.4950953,-6.3150954,-6.3350954,-6.8350954,-6.765095,-6.6650953,-6.265095,-6.215095,-6.365095,-6.535095,-6.5650954,-6.365095,-6.2450953,-6.3350954,-6.135095,-5.9950953,-6.155095,-6.405095,-6.7250953,-7.095095,-7.285095,-7.7450953,-7.7250953,-7.7250953,-7.8350954
-2.3750951,-2.7650952,-2.9950953,-2.8550951,-2.7450953,-2.5950952,-2.8050952,-3.0350952,-2.655095,-1.0550952,-0.005095215,0.4549048,0.6849048,0.74490476,1.0849048,1.7149048,1.7649047,0.034904785,-3.395095,-5.505095,-2.6250951,-2.9550953,-5.6450953,-6.4750953,-6.775095,-6.8550954,-6.785095,-6.7950954,-6.5450954,-6.485095,-6.275095,-6.3350954,-6.4950953,-6.515095,-6.4950953,-6.535095,-6.8150954,-6.885095,-6.7950954,-6.3750954,-6.1050954,-6.465095,-6.8950953,-6.6050954,-6.285095,-6.1850953,-6.4150953,-6.3350954,-6.2450953,-6.0850954,-6.0650954,-6.575095,-7.1450953,-7.0850954,-7.3750954,-7.655095,-7.695095,-7.7250953
-2.6050951,-2.905095,-3.2750952,-3.1950953,-3.4450953,-3.5950952,-4.285095,-4.695095,-4.5650954,-3.9150953,-2.9950953,-2.0250952,-1.3950952,-1.0650952,-0.94509524,-1.0850952,-2.0950952,-5.465095,-7.4150953,-5.6850953,-4.405095,-6.0450954,-6.655095,-6.805095,-7.0850954,-7.175095,-7.3150954,-7.2450953,-7.115095,-6.9750953,-6.6250954,-6.7250953,-6.805095,-6.695095,-6.865095,-6.945095,-7.015095,-6.9950953,-6.925095,-6.7950954,-6.525095,-6.515095,-6.845095,-6.445095,-6.0450954,-6.235095,-6.7950954,-6.805095,-6.715095,-6.6250954,-6.4550953,-6.695095,-7.1050954,-7.235095,-7.1650953,-7.3150954,-7.535095,-7.7450953
-2.9950953,-3.1250951,-3.2850952,-3.1250951,-3.9650953,-4.4750953,-5.2250953,-5.7450953,-6.235095,-6.135095,-5.535095,-4.765095,-4.285095,-4.175095,-4.3550954,-5.275095,-6.6650953,-7.1850953,-7.1850953,-6.7950954,-6.715095,-6.7050953,-6.885095,-7.075095,-7.3750954,-7.4750953,-7.4150953,-7.2250953,-7.135095,-7.035095,-6.925095,-6.925095,-6.9150953,-6.775095,-6.755095,-6.9350953,-7.095095,-6.9950953,-6.9750953,-7.1250954,-6.965095,-6.8350954,-6.925095,-6.805095,-6.735095,-6.655095,-6.7250953,-6.675095,-6.715095,-6.8150954,-7.0450954,-7.2050953,-7.365095,-7.4550953,-7.265095,-7.285095,-7.485095,-7.615095
-3.1250951,-3.0150952,-2.8750951,-3.5050952,-4.265095,-4.6650953,-5.4750953,-6.075095,-6.9350953,-7.4950953,-7.905095,-7.985095,-7.865095,-7.695095,-7.515095,-7.465095,-7.905095,-8.2150955,-8.265095,-7.765095,-7.115095,-7.2250953,-7.405095,-7.555095,-7.5850954,-7.5650954,-7.5850954,-7.2450953,-7.2450953,-7.265095,-7.0850954,-6.8950953,-6.9350953,-6.755095,-6.465095,-6.575095,-6.8550954,-6.9350953,-6.8550954,-7.1850953,-7.075095,-6.715095,-6.9350953,-7.015095,-7.0650954,-7.1250954,-6.9950953,-6.675095,-6.5650954,-6.805095,-7.035095,-7.405095,-7.7250953,-7.925095,-7.825095,-7.6450953,-7.6450953,-7.7250953
-3.155095,-2.895095,-3.3450952,-4.345095,-4.825095,-5.0650954,-5.735095,-6.535095,-7.265095,-7.825095,-8.365095,-8.7550955,-8.9650955,-9.075095,-9.015095,-8.9650955,-8.765095,-8.4650955,-8.295095,-7.9150953,-7.715095,-7.775095,-7.775095,-7.785095,-7.635095,-7.675095,-7.635095,-7.345095,-7.325095,-7.1050954,-6.9550953,-6.9950953,-6.735095,-6.505095,-6.3750954,-6.6650953,-6.985095,-7.0850954,-7.035095,-7.035095,-7.2250953,-7.095095,-6.9350953,-6.945095,-6.925095,-7.005095,-7.175095,-7.385095,-7.425095,-7.4550953,-7.3750954,-7.345095,-7.485095,-7.715095,-8.175096,-8.225095,-8.235095,-8.2550955
-3.2950952,-3.3450952,-3.9950953,-4.9550953,-5.1850953,-5.4150953,-6.1650953,-7.155095,-7.425095,-7.9950953,-8.4650955,-8.765095,-8.975095,-9.135096,-9.275095,-9.245095,-9.175096,-8.955095,-8.525095,-8.285095,-8.325095,-8.185095,-8.025095,-7.945095,-7.8150954,-7.825095,-7.505095,-7.005095,-6.965095,-7.425095,-7.055095,-6.9350953,-6.7450953,-6.9150953,-6.8950953,-6.825095,-6.655095,-6.8750954,-7.0850954,-7.095095,-7.2950954,-7.345095,-7.2050953,-7.1850953,-7.135095,-7.1250954,-7.2450953,-7.5650954,-7.595095,-7.8950953,-8.295095,-8.495095,-8.585095,-8.645095,-8.615095,-8.605095,-8.685095,-8.9650955
-3.3750951,-3.8550951,-4.535095,-5.615095,-5.535095,-5.9350953,-6.635095,-7.2950954,-7.7250953,-8.135096,-8.515095,-8.765095,-8.945095,-9.095096,-9.245095,-9.295095,-9.125095,-9.025095,-8.905095,-8.705095,-8.395095,-8.235095,-8.025095,-7.4150953,-7.135095,-7.275095,-7.155095,-7.1450953,-7.6050954,-7.4150953,-7.005095,-6.9150953,-6.905095,-7.2050953,-7.265095,-7.215095,-7.025095,-6.695095,-6.9150953,-7.2950954,-7.305095,-7.2050953,-7.425095,-7.385095,-7.6050954,-7.775095,-7.5850954,-7.715095,-8.0050955,-7.785095,-8.185095,-8.645095,-9.0050955,-8.845096,-8.915095,-8.855095,-8.725095,-8.945095
-3.0650952,-3.9750953,-5.1450953,-5.8750954,-5.755095,-6.2450953,-6.905095,-7.365095,-7.735095,-8.315095,-8.745095,-9.015095,-9.125095,-9.095096,-9.115095,-9.055096,-9.055096,-9.195095,-9.345096,-8.955095,-8.485095,-8.145095,-7.8150954,-7.2250953,-7.195095,-7.195095,-7.235095,-7.3750954,-7.4950953,-7.0650954,-6.945095,-6.9350953,-6.865095,-7.035095,-7.175095,-7.265095,-7.255095,-7.365095,-7.4150953,-7.325095,-7.325095,-7.2250953,-7.275095,-7.535095,-7.735095,-8.135096,-8.015095,-7.965095,-8.315095,-8.2550955,-8.205095,-8.435095,-8.985095,-9.275095,-9.385096,-9.725095,-9.815095,-9.735095
-3.0450952,-4.175095,-5.4750953,-5.8750954,-5.845095,-6.4750953,-6.845095,-7.235095,-7.755095,-8.345096,-8.835095,-9.135096,-9.265095,-9.275095,-9.325095,-9.2150955,-9.145095,-9.305096,-9.235095,-8.835095,-8.385096,-8.185095,-7.755095,-7.2250953,-7.2950954,-7.2050953,-7.325095,-7.2450953,-6.9350953,-6.755095,-6.735095,-6.735095,-6.775095,-6.865095,-6.8750954,-6.985095,-6.885095,-7.115095,-7.345095,-7.445095,-7.3750954,-7.3350954,-7.485095,-7.6450953,-7.7250953,-7.885095,-8.045095,-8.2150955,-8.545095,-8.635096,-8.535095,-8.565095,-8.915095,-9.315095,-9.535095,-9.685095,-9.995095,-10.085095
-3.4450953,-4.615095,-5.5450954,-6.025095,-6.1450953,-6.735095,-6.8750954,-7.3950953,-7.885095,-8.365095,-8.725095,-9.045095,-9.355095,-9.585095,-9.695095,-9.675096,-9.615095,-9.415095,-8.9650955,-8.615095,-8.385096,-7.8950953,-7.325095,-7.015095,-7.1650953,-7.155095,-7.075095,-6.925095,-6.735095,-6.365095,-6.235095,-6.485095,-6.695095,-6.8750954,-6.6850953,-6.765095,-6.8150954,-7.005095,-7.1250954,-7.345095,-7.635095,-7.655095,-7.595095,-7.6850953,-7.7950954,-7.7250953,-7.715095,-7.8950953,-8.405095,-8.795095,-8.795095,-8.875095,-9.115095,-9.545095,-9.535095,-9.7550955,-9.905095,-10.015095
-4.305095,-4.9350953,-5.515095,-6.265095,-6.075095,-6.4950953,-6.9350953,-7.445095,-7.905095,-8.185095,-8.555096,-9.065095,-9.515095,-9.7550955,-9.925096,-9.925096,-9.625095,-9.235095,-8.745095,-8.235095,-7.785095,-7.235095,-6.985095,-6.905095,-7.1050954,-7.135095,-6.785095,-6.3550954,-6.0850954,-5.945095,-6.1850953,-6.3350954,-6.525095,-6.785095,-6.5850954,-6.755095,-6.965095,-7.075095,-6.845095,-7.075095,-7.505095,-7.695095,-7.735095,-7.805095,-7.905095,-8.0050955,-7.8550954,-7.9550953,-8.335095,-8.725095,-8.995095,-9.185095,-9.305096,-9.605095,-9.615095,-9.515095,-9.7550955,-9.795095
-4.6850953,-4.9150953,-5.7050953,-6.255095,-5.9950953,-6.385095,-7.175095,-7.365095,-7.635095,-8.045095,-8.525095,-9.0050955,-9.485095,-9.7150955,-9.735095,-9.555096,-9.445095,-9.075095,-8.325095,-7.655095,-7.255095,-6.735095,-6.6650953,-6.715095,-6.8950953,-6.925095,-6.535095,-6.025095,-5.825095,-5.9550953,-6.365095,-6.6850953,-6.655095,-6.3550954,-6.515095,-6.535095,-6.635095,-6.8150954,-6.8350954,-6.8150954,-7.4750953,-7.8550954,-7.775095,-7.8550954,-7.8950953,-8.085095,-8.125095,-8.195095,-8.535095,-8.725095,-8.895095,-9.245095,-9.475095,-9.535095,-9.495095,-9.395095,-9.605095,-9.825095
-4.765095,-5.115095,-5.865095,-6.155095,-6.035095,-6.305095,-7.155095,-7.405095,-7.8350954,-8.335095,-8.765095,-9.105095,-9.455095,-9.535095,-9.695095,-9.785095,-9.865095,-9.145095,-7.945095,-7.325095,-6.765095,-6.385095,-6.4150953,-6.4750953,-6.4750953,-6.505095,-6.235095,-5.945095,-5.9750953,-5.985095,-6.3350954,-6.6450953,-6.3350954,-6.445095,-6.715095,-6.4350953,-6.405095,-6.8550954,-6.8550954,-6.785095,-7.715095,-8.095096,-7.635095,-7.8150954,-8.075095,-8.125095,-8.245095,-8.405095,-8.705095,-9.055096,-9.275095,-9.425096,-9.855095,-9.865095,-9.795095,-9.805096,-9.805096,-10.105095
-4.305095,-4.9350953,-5.485095,-5.805095,-6.2950954,-6.5450954,-7.075095,-7.945095,-8.625095,-8.945095,-9.265095,-9.555096,-9.845096,-10.415095,-11.2150955,-11.625095,-10.385096,-7.3750954,-5.7950954,-6.0450954,-6.1250954,-6.1050954,-6.1450953,-6.1850953,-6.0850954,-5.735095,-5.6650953,-5.385095,-5.595095,-5.6650953,-6.115095,-6.305095,-6.4950953,-7.0450954,-7.5450954,-7.285095,-6.825095,-6.865095,-7.1650953,-6.9750953,-7.805095,-8.155095,-7.8550954,-7.825095,-8.285095,-8.635096,-8.795095,-8.735095,-8.895095,-9.225095,-9.415095,-9.865095,-10.125095,-10.055096,-9.955095,-9.955095,-10.065095,-10.145095
-3.0550952,-4.1450953,-4.6250954,-5.2050953,-6.285095,-6.8550954,-7.4950953,-8.455095,-9.185095,-9.615095,-9.905095,-10.155095,-9.975095,-9.875095,-9.335095,-8.695095,-7.555095,-5.115095,-2.8450952,-3.5450952,-4.4150953,-5.135095,-5.6050954,-5.8550954,-5.825095,-5.4950953,-5.025095,-4.8750954,-5.765095,-6.275095,-6.345095,-6.5450954,-6.8950953,-7.3350954,-7.445095,-7.575095,-7.425095,-7.2950954,-7.1250954,-6.6650953,-7.1650953,-8.185095,-8.055096,-7.695095,-8.385096,-8.9650955,-9.095096,-9.055096,-9.135096,-9.375095,-9.445095,-9.945095,-10.365095,-10.135096,-10.055096,-9.955095,-10.125095,-10.185095
